9822300227
7499895515
9021738347
8999282278
9373023533
8888983480
8262846309
7083292297
9307979337
8799804863
9420419810
9270089899
7499427551
9699002806
7499380357
7738659962
9356842336
9890278433
9309289529
7620515643
9921753400
7378748346
8767246717
9158573854
9850336464
9322891559
9421875081
8830785486
9730227361
7385723114
9623111280
9322016558
9325452425
9082183738
8879315941
9309207795
9356989133
9860210682
7588297711
8805562458
7218579904
8010912033
9309141803
7666341581
7821057156
9579839293
7620351006
9529828739
7517902294
8796457302
9209785729
9730474392
9822775778
9545583001
9763072990
9922878099
7447724428
8010319351
9561699847
9970994094
9822835976
9960460417
8767017535
9322069235
9325083190
9021467920
9579045334
7709804077
9209127931
7558401399
8080623877
9422996848
9604412016
7391818509
9730687442
9967344807
8275668865
9579714730
8149670226
7020915236
9923830433
8208511787
9309438050
9921150963
8459711723
8007112253
8275468593
9359224561
9923262129
9096419629
8080007881
8668359162
8261920925
9753745623
9011342570
9763409167
9356502543
8378940117
8180854860
9324574395
8668959868
8554868487
9325668163
9607842107
7249072354
7507520799
9822800782
9604465155
9657242882
8433529277
9834299097
8408953353
9423364728
8149190441
9689027801
9967575318
9209612236
8830006105
8381077099
8793716022
9527779775
9209214620
8459620955
9890745568
8767965001
8788338522
7776078891
8779767956
8830662258
9850408072
9579647290
9653457297
9850598539
9356954809
7796725813
7385954378
9763837039
8104159952
8766531970
9657074385
8379972038
8080944585
7038461025
9221585750
9370736771
9960750035
9403498557
7392870207
9175322502
9326920923
9146240386
8669230293
7517650150
9689660752
8973019869
7276359493
7875390747
9226600239
9022262825
7038382373
7058739882
9082197774
9552150134
8087412005
7218013485
8788417660
7038921173
9921712196
9702701221
9022768423
9011563340
9209974710
8799922193
7767944896
9359401798
9538702513
9823278289
8080168688
8261898271
9011243029
9356122875
9075289797
9702362373
9326877033
7499141567
9767923148
